67 70 280 4 4 0
1 2 a 1
1 1 b 0
1 1 c 2
1 1 d 0
2 3 a 3
2 2 b 0
2 2 c 2
2 2 d 3
3 4 a 0
3 3 b 1
3 3 c 1
3 3 d 3
4 5 a 2
4 4 b 2
4 4 c 1
4 4 d 0
5 6 a 2
5 5 b 3
5 5 c 1
5 5 d 3
6 7 a 2
6 6 b 1
6 6 c 3
6 6 d 3
7 8 a 3
7 7 b 1
7 7 c 2
7 7 d 2
8 9 a 0
8 8 b 2
8 8 c 3
8 8 d 1
9 10 a 3
9 9 b 1
9 9 c 2
9 9 d 3
10 11 a 2
10 10 b 0
10 10 c 1
10 10 d 3
11 12 a 0
11 11 b 2
11 11 c 2
11 11 d 1
12 13 a 0
12 12 b 2
12 12 c 3
12 12 d 0
13 14 a 3
13 13 b 3
13 13 c 2
13 13 d 0
14 15 a 3
14 14 b 0
14 14 c 0
14 14 d 3
15 16 a 3
15 15 b 1
15 15 c 0
15 15 d 1
16 17 a 2
16 16 b 3
16 16 c 0
16 16 d 2
17 18 a 2
17 17 b 2
17 17 c 0
17 17 d 0
18 19 a 0
18 18 b 1
18 18 c 2
18 18 d 2
19 20 a 1
19 19 b 1
19 19 c 0
19 19 d 2
20 21 a 3
20 20 b 1
20 20 c 2
20 20 d 3
21 22 a 3
21 21 b 2
21 21 c 3
21 21 d 1
22 23 a 0
22 22 b 3
22 22 c 1
22 22 d 0
23 24 a 0
23 23 b 0
23 23 c 0
23 23 d 1
24 25 a 1
24 24 b 3
24 24 c 2
24 24 d 2
25 26 a 3
25 25 b 1
25 25 c 2
25 25 d 0
26 27 a 2
26 26 b 1
26 26 c 3
26 26 d 0
27 28 a 0
27 27 b 1
27 27 c 0
27 27 d 2
28 29 a 3
28 28 b 3
28 28 c 1
28 28 d 3
29 30 a 0
29 29 b 0
29 29 c 3
29 29 d 2
30 31 a 2
30 30 b 2
30 30 c 0
30 30 d 2
31 32 a 0
31 31 b 3
31 31 c 0
31 31 d 2
32 33 a 3
32 32 b 2
32 32 c 0
32 32 d 3
33 34 a 1
33 33 b 3
33 33 c 0
33 33 d 2
34 35 a 3
34 34 b 1
34 34 c 0
34 34 d 1
35 36 a 0
35 35 b 3
35 35 c 3
35 35 d 1
36 37 a 1
36 36 b 3
36 36 c 0
36 36 d 0
37 38 a 2
37 37 b 2
37 37 c 2
37 37 d 1
38 39 a 1
38 38 b 1
38 38 c 0
38 38 d 0
39 40 a 1
39 39 b 0
39 39 c 2
39 39 d 1
40 41 a 3
40 40 b 0
40 40 c 0
40 40 d 3
41 42 a 2
41 41 b 1
41 41 c 0
41 41 d 3
42 43 a 0
42 42 b 0
42 42 c 3
42 42 d 2
43 44 a 0
43 43 b 1
43 43 c 2
43 43 d 0
44 45 a 1
44 44 b 3
44 44 c 1
44 44 d 2
45 46 a 0
45 45 b 1
45 45 c 3
45 45 d 1
46 47 a 1
46 46 b 2
46 46 c 1
46 46 d 1
47 48 a 3
47 47 b 0
47 47 c 3
47 47 d 0
48 49 a 0
48 48 b 3
48 48 c 1
48 48 d 3
49 50 a 0
49 49 b 0
49 49 c 0
49 49 d 0
50 51 a 2
50 50 b 2
50 50 c 2
50 50 d 2
51 52 a 1
51 51 b 1
51 51 c 1
51 51 d 2
52 53 a 3
52 52 b 2
52 52 c 3
52 52 d 3
53 54 a 0
53 53 b 0
53 53 c 1
53 53 d 2
54 55 a 3
54 54 b 1
54 54 c 0
54 54 d 2
55 56 a 3
55 55 b 3
55 55 c 1
55 55 d 1
56 57 a 2
56 56 b 0
56 56 c 1
56 56 d 2
57 58 a 2
57 57 b 3
57 57 c 0
57 57 d 1
58 59 a 3
58 58 b 3
58 58 c 0
58 58 d 0
59 60 a 3
59 59 b 3
59 59 c 1
59 59 d 0
60 61 a 0
60 60 b 1
60 60 c 1
60 60 d 1
61 62 a 1
61 61 b 1
61 61 c 1
61 61 d 2
62 63 a 3
62 62 b 2
62 62 c 0
62 62 d 2
63 64 a 0
63 63 b 2
63 63 c 0
63 63 d 2
64 65 a 2
64 64 b 2
64 64 c 3
64 64 d 3
65 66 a 3
65 65 b 2
65 65 c 0
65 65 d 0
66 67 a 3
66 66 b 2
66 66 c 0
66 66 d 3
67 68 a 1
67 67 b 1
67 67 c 1
67 67 d 2
68 69 a 0
68 68 b 1
68 68 c 0
68 68 d 0
69 70 a 2
69 69 b 1
69 69 c 3
69 69 d 3
70 1 a 0
70 1 b 2
70 1 c 0
70 1 d 3

96 99 396 4 4 0
1 2 a 0
1 1 b 0
1 1 c 0
1 1 d 3
2 3 a 1
2 2 b 2
2 2 c 2
2 2 d 2
3 4 a 1
3 3 b 1
3 3 c 3
3 3 d 1
4 5 a 1
4 4 b 2
4 4 c 0
4 4 d 2
5 6 a 2
5 5 b 2
5 5 c 3
5 5 d 3
6 7 a 1
6 6 b 1
6 6 c 1
6 6 d 0
7 8 a 0
7 7 b 2
7 7 c 0
7 7 d 0
8 9 a 0
8 8 b 2
8 8 c 1
8 8 d 3
9 10 a 2
9 9 b 0
9 9 c 1
9 9 d 1
10 11 a 1
10 10 b 2
10 10 c 1
10 10 d 3
11 12 a 1
11 11 b 0
11 11 c 0
11 11 d 0
12 13 a 1
12 12 b 2
12 12 c 1
12 12 d 0
13 14 a 2
13 13 b 0
13 13 c 1
13 13 d 1
14 15 a 2
14 14 b 0
14 14 c 2
14 14 d 0
15 16 a 1
15 15 b 1
15 15 c 3
15 15 d 0
16 17 a 0
16 16 b 2
16 16 c 0
16 16 d 3
17 18 a 3
17 17 b 1
17 17 c 0
17 17 d 2
18 19 a 0
18 18 b 2
18 18 c 0
18 18 d 0
19 20 a 2
19 19 b 0
19 19 c 1
19 19 d 1
20 21 a 1
20 20 b 2
20 20 c 0
20 20 d 1
21 22 a 2
21 21 b 1
21 21 c 1
21 21 d 0
22 23 a 0
22 22 b 3
22 22 c 0
22 22 d 2
23 24 a 0
23 23 b 1
23 23 c 1
23 23 d 2
24 25 a 1
24 24 b 0
24 24 c 2
24 24 d 2
25 26 a 2
25 25 b 0
25 25 c 0
25 25 d 3
26 27 a 0
26 26 b 2
26 26 c 3
26 26 d 0
27 28 a 1
27 27 b 1
27 27 c 3
27 27 d 0
28 29 a 3
28 28 b 0
28 28 c 2
28 28 d 0
29 30 a 2
29 29 b 2
29 29 c 0
29 29 d 3
30 31 a 0
30 30 b 1
30 30 c 1
30 30 d 3
31 32 a 2
31 31 b 3
31 31 c 3
31 31 d 2
32 33 a 2
32 32 b 0
32 32 c 3
32 32 d 1
33 34 a 0
33 33 b 0
33 33 c 3
33 33 d 2
34 35 a 0
34 34 b 2
34 34 c 2
34 34 d 3
35 36 a 1
35 35 b 3
35 35 c 0
35 35 d 2
36 37 a 1
36 36 b 0
36 36 c 0
36 36 d 0
37 38 a 2
37 37 b 0
37 37 c 0
37 37 d 2
38 39 a 3
38 38 b 0
38 38 c 2
38 38 d 1
39 40 a 1
39 39 b 0
39 39 c 3
39 39 d 2
40 41 a 0
40 40 b 0
40 40 c 3
40 40 d 0
41 42 a 0
41 41 b 0
41 41 c 0
41 41 d 0
42 43 a 3
42 42 b 1
42 42 c 1
42 42 d 2
43 44 a 1
43 43 b 2
43 43 c 0
43 43 d 3
44 45 a 2
44 44 b 3
44 44 c 0
44 44 d 2
45 46 a 0
45 45 b 3
45 45 c 2
45 45 d 1
46 47 a 3
46 46 b 0
46 46 c 3
46 46 d 3
47 48 a 3
47 47 b 1
47 47 c 2
47 47 d 0
48 49 a 1
48 48 b 3
48 48 c 1
48 48 d 1
49 50 a 2
49 49 b 3
49 49 c 3
49 49 d 3
50 51 a 1
50 50 b 0
50 50 c 3
50 50 d 0
51 52 a 1
51 51 b 0
51 51 c 1
51 51 d 0
52 53 a 1
52 52 b 2
52 52 c 3
52 52 d 0
53 54 a 3
53 53 b 0
53 53 c 1
53 53 d 1
54 55 a 2
54 54 b 0
54 54 c 0
54 54 d 1
55 56 a 1
55 55 b 3
55 55 c 2
55 55 d 0
56 57 a 0
56 56 b 0
56 56 c 0
56 56 d 2
57 58 a 0
57 57 b 1
57 57 c 0
57 57 d 0
58 59 a 2
58 58 b 1
58 58 c 1
58 58 d 0
59 60 a 2
59 59 b 1
59 59 c 2
59 59 d 0
60 61 a 0
60 60 b 3
60 60 c 1
60 60 d 0
61 62 a 2
61 61 b 1
61 61 c 1
61 61 d 0
62 63 a 3
62 62 b 0
62 62 c 3
62 62 d 0
63 64 a 3
63 63 b 0
63 63 c 1
63 63 d 3
64 65 a 3
64 64 b 2
64 64 c 1
64 64 d 3
65 66 a 1
65 65 b 0
65 65 c 2
65 65 d 0
66 67 a 0
66 66 b 1
66 66 c 1
66 66 d 1
67 68 a 3
67 67 b 3
67 67 c 1
67 67 d 1
68 69 a 1
68 68 b 3
68 68 c 1
68 68 d 2
69 70 a 2
69 69 b 1
69 69 c 3
69 69 d 3
70 71 a 0
70 70 b 1
70 70 c 2
70 70 d 2
71 72 a 2
71 71 b 2
71 71 c 0
71 71 d 2
72 73 a 1
72 72 b 0
72 72 c 1
72 72 d 2
73 74 a 0
73 73 b 3
73 73 c 2
73 73 d 2
74 75 a 3
74 74 b 1
74 74 c 3
74 74 d 3
75 76 a 3
75 75 b 0
75 75 c 0
75 75 d 1
76 77 a 3
76 76 b 0
76 76 c 2
76 76 d 1
77 78 a 1
77 77 b 1
77 77 c 3
77 77 d 1
78 79 a 1
78 78 b 0
78 78 c 1
78 78 d 1
79 80 a 2
79 79 b 0
79 79 c 1
79 79 d 1
80 81 a 0
80 80 b 1
80 80 c 0
80 80 d 1
81 82 a 0
81 81 b 0
81 81 c 1
81 81 d 3
82 83 a 1
82 82 b 3
82 82 c 2
82 82 d 3
83 84 a 1
83 83 b 3
83 83 c 2
83 83 d 1
84 85 a 3
84 84 b 2
84 84 c 1
84 84 d 1
85 86 a 2
85 85 b 0
85 85 c 3
85 85 d 1
86 87 a 1
86 86 b 0
86 86 c 3
86 86 d 1
87 88 a 2
87 87 b 2
87 87 c 0
87 87 d 3
88 89 a 1
88 88 b 3
88 88 c 2
88 88 d 2
89 90 a 1
89 89 b 2
89 89 c 0
89 89 d 0
90 91 a 2
90 90 b 0
90 90 c 1
90 90 d 3
91 92 a 1
91 91 b 1
91 91 c 0
91 91 d 2
92 93 a 1
92 92 b 3
92 92 c 0
92 92 d 0
93 94 a 2
93 93 b 2
93 93 c 3
93 93 d 2
94 95 a 0
94 94 b 2
94 94 c 2
94 94 d 3
95 96 a 1
95 95 b 2
95 95 c 2
95 95 d 0
96 97 a 2
96 96 b 3
96 96 c 0
96 96 d 3
97 98 a 2
97 97 b 0
97 97 c 1
97 97 d 2
98 99 a 0
98 98 b 2
98 98 c 1
98 98 d 3
99 1 a 1
99 1 b 2
99 1 c 2
99 1 d 3

97 100 400 4 4 0
1 2 a 3
1 1 b 1
1 1 c 3
1 1 d 0
2 3 a 1
2 2 b 0
2 2 c 1
2 2 d 3
3 4 a 1
3 3 b 0
3 3 c 3
3 3 d 0
4 5 a 0
4 4 b 1
4 4 c 2
4 4 d 2
5 6 a 2
5 5 b 2
5 5 c 1
5 5 d 0
6 7 a 1
6 6 b 2
6 6 c 0
6 6 d 0
7 8 a 3
7 7 b 3
7 7 c 0
7 7 d 2
8 9 a 1
8 8 b 1
8 8 c 3
8 8 d 1
9 10 a 2
9 9 b 3
9 9 c 2
9 9 d 3
10 11 a 0
10 10 b 3
10 10 c 0
10 10 d 0
11 12 a 3
11 11 b 3
11 11 c 0
11 11 d 2
12 13 a 2
12 12 b 2
12 12 c 2
12 12 d 3
13 14 a 0
13 13 b 2
13 13 c 1
13 13 d 1
14 15 a 0
14 14 b 2
14 14 c 1
14 14 d 3
15 16 a 0
15 15 b 2
15 15 c 3
15 15 d 2
16 17 a 1
16 16 b 0
16 16 c 0
16 16 d 2
17 18 a 3
17 17 b 2
17 17 c 3
17 17 d 1
18 19 a 2
18 18 b 0
18 18 c 0
18 18 d 0
19 20 a 2
19 19 b 3
19 19 c 0
19 19 d 2
20 21 a 2
20 20 b 3
20 20 c 1
20 20 d 1
21 22 a 1
21 21 b 0
21 21 c 1
21 21 d 2
22 23 a 0
22 22 b 1
22 22 c 1
22 22 d 0
23 24 a 2
23 23 b 1
23 23 c 2
23 23 d 2
24 25 a 0
24 24 b 2
24 24 c 2
24 24 d 1
25 26 a 0
25 25 b 3
25 25 c 0
25 25 d 2
26 27 a 1
26 26 b 1
26 26 c 3
26 26 d 1
27 28 a 2
27 27 b 3
27 27 c 2
27 27 d 1
28 29 a 3
28 28 b 2
28 28 c 3
28 28 d 0
29 30 a 0
29 29 b 3
29 29 c 2
29 29 d 3
30 31 a 0
30 30 b 2
30 30 c 2
30 30 d 1
31 32 a 2
31 31 b 2
31 31 c 2
31 31 d 0
32 33 a 3
32 32 b 1
32 32 c 3
32 32 d 1
33 34 a 0
33 33 b 3
33 33 c 1
33 33 d 2
34 35 a 1
34 34 b 2
34 34 c 2
34 34 d 2
35 36 a 0
35 35 b 0
35 35 c 1
35 35 d 0
36 37 a 2
36 36 b 1
36 36 c 1
36 36 d 2
37 38 a 1
37 37 b 0
37 37 c 0
37 37 d 2
38 39 a 3
38 38 b 0
38 38 c 3
38 38 d 0
39 40 a 0
39 39 b 1
39 39 c 2
39 39 d 3
40 41 a 1
40 40 b 1
40 40 c 0
40 40 d 3
41 42 a 1
41 41 b 3
41 41 c 3
41 41 d 3
42 43 a 1
42 42 b 0
42 42 c 0
42 42 d 3
43 44 a 0
43 43 b 3
43 43 c 3
43 43 d 3
44 45 a 3
44 44 b 3
44 44 c 3
44 44 d 1
45 46 a 2
45 45 b 0
45 45 c 1
45 45 d 1
46 47 a 1
46 46 b 2
46 46 c 2
46 46 d 0
47 48 a 1
47 47 b 3
47 47 c 0
47 47 d 1
48 49 a 2
48 48 b 3
48 48 c 0
48 48 d 0
49 50 a 2
49 49 b 0
49 49 c 2
49 49 d 3
50 51 a 3
50 50 b 3
50 50 c 1
50 50 d 3
51 52 a 2
51 51 b 3
51 51 c 1
51 51 d 1
52 53 a 0
52 52 b 2
52 52 c 1
52 52 d 1
53 54 a 3
53 53 b 2
53 53 c 3
53 53 d 3
54 55 a 0
54 54 b 1
54 54 c 3
54 54 d 1
55 56 a 3
55 55 b 0
55 55 c 2
55 55 d 3
56 57 a 1
56 56 b 1
56 56 c 3
56 56 d 2
57 58 a 3
57 57 b 3
57 57 c 1
57 57 d 1
58 59 a 0
58 58 b 2
58 58 c 2
58 58 d 0
59 60 a 1
59 59 b 0
59 59 c 2
59 59 d 3
60 61 a 3
60 60 b 2
60 60 c 0
60 60 d 3
61 62 a 0
61 61 b 1
61 61 c 0
61 61 d 1
62 63 a 1
62 62 b 0
62 62 c 2
62 62 d 0
63 64 a 3
63 63 b 2
63 63 c 1
63 63 d 0
64 65 a 3
64 64 b 1
64 64 c 0
64 64 d 0
65 66 a 0
65 65 b 1
65 65 c 0
65 65 d 0
66 67 a 3
66 66 b 1
66 66 c 0
66 66 d 1
67 68 a 2
67 67 b 1
67 67 c 2
67 67 d 2
68 69 a 1
68 68 b 0
68 68 c 0
68 68 d 2
69 70 a 2
69 69 b 1
69 69 c 2
69 69 d 1
70 71 a 2
70 70 b 3
70 70 c 2
70 70 d 1
71 72 a 3
71 71 b 0
71 71 c 2
71 71 d 2
72 73 a 2
72 72 b 0
72 72 c 2
72 72 d 2
73 74 a 3
73 73 b 0
73 73 c 2
73 73 d 3
74 75 a 0
74 74 b 3
74 74 c 1
74 74 d 3
75 76 a 3
75 75 b 0
75 75 c 1
75 75 d 1
76 77 a 3
76 76 b 0
76 76 c 3
76 76 d 1
77 78 a 0
77 77 b 0
77 77 c 1
77 77 d 0
78 79 a 3
78 78 b 1
78 78 c 2
78 78 d 2
79 80 a 2
79 79 b 1
79 79 c 1
79 79 d 3
80 81 a 0
80 80 b 3
80 80 c 2
80 80 d 0
81 82 a 3
81 81 b 1
81 81 c 0
81 81 d 2
82 83 a 2
82 82 b 3
82 82 c 2
82 82 d 2
83 84 a 1
83 83 b 3
83 83 c 2
83 83 d 0
84 85 a 2
84 84 b 1
84 84 c 1
84 84 d 3
85 86 a 1
85 85 b 2
85 85 c 0
85 85 d 3
86 87 a 0
86 86 b 0
86 86 c 0
86 86 d 2
87 88 a 3
87 87 b 3
87 87 c 3
87 87 d 3
88 89 a 1
88 88 b 3
88 88 c 0
88 88 d 1
89 90 a 2
89 89 b 0
89 89 c 2
89 89 d 1
90 91 a 0
90 90 b 3
90 90 c 0
90 90 d 2
91 92 a 3
91 91 b 2
91 91 c 2
91 91 d 3
92 93 a 0
92 92 b 2
92 92 c 2
92 92 d 1
93 94 a 1
93 93 b 0
93 93 c 1
93 93 d 1
94 95 a 1
94 94 b 2
94 94 c 0
94 94 d 2
95 96 a 2
95 95 b 0
95 95 c 2
95 95 d 0
96 97 a 1
96 96 b 1
96 96 c 3
96 96 d 1
97 98 a 1
97 97 b 2
97 97 c 3
97 97 d 0
98 99 a 2
98 98 b 2
98 98 c 1
98 98 d 1
99 100 a 2
99 99 b 1
99 99 c 2
99 99 d 0
100 1 a 2
100 1 b 0
100 1 c 2
100 1 d 2

98 101 404 4 4 0
1 2 a 3
1 1 b 0
1 1 c 3
1 1 d 3
2 3 a 2
2 2 b 0
2 2 c 2
2 2 d 3
3 4 a 0
3 3 b 2
3 3 c 3
3 3 d 3
4 5 a 0
4 4 b 1
4 4 c 3
4 4 d 2
5 6 a 1
5 5 b 0
5 5 c 0
5 5 d 3
6 7 a 3
6 6 b 2
6 6 c 3
6 6 d 0
7 8 a 1
7 7 b 0
7 7 c 3
7 7 d 1
8 9 a 1
8 8 b 2
8 8 c 2
8 8 d 3
9 10 a 1
9 9 b 0
9 9 c 1
9 9 d 2
10 11 a 1
10 10 b 0
10 10 c 2
10 10 d 1
11 12 a 3
11 11 b 0
11 11 c 0
11 11 d 0
12 13 a 2
12 12 b 0
12 12 c 1
12 12 d 2
13 14 a 1
13 13 b 2
13 13 c 1
13 13 d 0
14 15 a 0
14 14 b 1
14 14 c 0
14 14 d 1
15 16 a 3
15 15 b 3
15 15 c 2
15 15 d 3
16 17 a 3
16 16 b 0
16 16 c 2
16 16 d 2
17 18 a 3
17 17 b 3
17 17 c 3
17 17 d 0
18 19 a 2
18 18 b 3
18 18 c 3
18 18 d 2
19 20 a 1
19 19 b 3
19 19 c 2
19 19 d 2
20 21 a 2
20 20 b 2
20 20 c 0
20 20 d 2
21 22 a 2
21 21 b 1
21 21 c 3
21 21 d 1
22 23 a 3
22 22 b 1
22 22 c 3
22 22 d 3
23 24 a 2
23 23 b 3
23 23 c 2
23 23 d 3
24 25 a 3
24 24 b 3
24 24 c 3
24 24 d 3
25 26 a 1
25 25 b 2
25 25 c 3
25 25 d 2
26 27 a 1
26 26 b 3
26 26 c 3
26 26 d 3
27 28 a 3
27 27 b 0
27 27 c 2
27 27 d 1
28 29 a 3
28 28 b 1
28 28 c 1
28 28 d 0
29 30 a 2
29 29 b 2
29 29 c 0
29 29 d 0
30 31 a 2
30 30 b 2
30 30 c 3
30 30 d 1
31 32 a 1
31 31 b 2
31 31 c 0
31 31 d 0
32 33 a 2
32 32 b 0
32 32 c 0
32 32 d 1
33 34 a 0
33 33 b 2
33 33 c 2
33 33 d 1
34 35 a 2
34 34 b 2
34 34 c 3
34 34 d 2
35 36 a 0
35 35 b 2
35 35 c 2
35 35 d 3
36 37 a 0
36 36 b 1
36 36 c 3
36 36 d 3
37 38 a 1
37 37 b 0
37 37 c 3
37 37 d 0
38 39 a 1
38 38 b 2
38 38 c 0
38 38 d 1
39 40 a 2
39 39 b 2
39 39 c 0
39 39 d 0
40 41 a 1
40 40 b 0
40 40 c 2
40 40 d 3
41 42 a 3
41 41 b 2
41 41 c 0
41 41 d 3
42 43 a 1
42 42 b 2
42 42 c 2
42 42 d 0
43 44 a 3
43 43 b 1
43 43 c 3
43 43 d 0
44 45 a 1
44 44 b 1
44 44 c 1
44 44 d 0
45 46 a 1
45 45 b 2
45 45 c 3
45 45 d 2
46 47 a 2
46 46 b 0
46 46 c 0
46 46 d 1
47 48 a 2
47 47 b 0
47 47 c 1
47 47 d 0
48 49 a 0
48 48 b 3
48 48 c 1
48 48 d 3
49 50 a 2
49 49 b 2
49 49 c 0
49 49 d 3
50 51 a 1
50 50 b 3
50 50 c 3
50 50 d 3
51 52 a 1
51 51 b 3
51 51 c 2
51 51 d 3
52 53 a 2
52 52 b 3
52 52 c 2
52 52 d 0
53 54 a 0
53 53 b 0
53 53 c 2
53 53 d 2
54 55 a 0
54 54 b 3
54 54 c 0
54 54 d 2
55 56 a 3
55 55 b 1
55 55 c 1
55 55 d 0
56 57 a 1
56 56 b 1
56 56 c 3
56 56 d 1
57 58 a 0
57 57 b 0
57 57 c 2
57 57 d 3
58 59 a 1
58 58 b 1
58 58 c 3
58 58 d 3
59 60 a 0
59 59 b 0
59 59 c 2
59 59 d 1
60 61 a 0
60 60 b 2
60 60 c 3
60 60 d 2
61 62 a 3
61 61 b 1
61 61 c 2
61 61 d 0
62 63 a 2
62 62 b 3
62 62 c 0
62 62 d 1
63 64 a 0
63 63 b 3
63 63 c 3
63 63 d 1
64 65 a 1
64 64 b 1
64 64 c 1
64 64 d 2
65 66 a 0
65 65 b 0
65 65 c 2
65 65 d 1
66 67 a 0
66 66 b 0
66 66 c 0
66 66 d 0
67 68 a 3
67 67 b 2
67 67 c 1
67 67 d 0
68 69 a 3
68 68 b 0
68 68 c 0
68 68 d 2
69 70 a 0
69 69 b 3
69 69 c 3
69 69 d 2
70 71 a 2
70 70 b 2
70 70 c 1
70 70 d 3
71 72 a 0
71 71 b 0
71 71 c 1
71 71 d 2
72 73 a 2
72 72 b 3
72 72 c 2
72 72 d 3
73 74 a 2
73 73 b 2
73 73 c 2
73 73 d 2
74 75 a 0
74 74 b 2
74 74 c 3
74 74 d 1
75 76 a 3
75 75 b 3
75 75 c 1
75 75 d 2
76 77 a 1
76 76 b 0
76 76 c 2
76 76 d 3
77 78 a 2
77 77 b 3
77 77 c 0
77 77 d 3
78 79 a 3
78 78 b 1
78 78 c 3
78 78 d 2
79 80 a 1
79 79 b 1
79 79 c 1
79 79 d 3
80 81 a 3
80 80 b 3
80 80 c 2
80 80 d 0
81 82 a 1
81 81 b 0
81 81 c 3
81 81 d 3
82 83 a 2
82 82 b 2
82 82 c 1
82 82 d 3
83 84 a 3
83 83 b 0
83 83 c 1
83 83 d 2
84 85 a 3
84 84 b 1
84 84 c 0
84 84 d 3
85 86 a 2
85 85 b 0
85 85 c 2
85 85 d 0
86 87 a 2
86 86 b 1
86 86 c 2
86 86 d 3
87 88 a 3
87 87 b 0
87 87 c 3
87 87 d 3
88 89 a 3
88 88 b 3
88 88 c 1
88 88 d 3
89 90 a 2
89 89 b 3
89 89 c 1
89 89 d 2
90 91 a 0
90 90 b 2
90 90 c 3
90 90 d 3
91 92 a 1
91 91 b 0
91 91 c 0
91 91 d 2
92 93 a 2
92 92 b 2
92 92 c 3
92 92 d 3
93 94 a 1
93 93 b 3
93 93 c 1
93 93 d 2
94 95 a 2
94 94 b 3
94 94 c 1
94 94 d 3
95 96 a 1
95 95 b 0
95 95 c 1
95 95 d 3
96 97 a 2
96 96 b 1
96 96 c 1
96 96 d 2
97 98 a 0
97 97 b 2
97 97 c 1
97 97 d 1
98 99 a 1
98 98 b 1
98 98 c 1
98 98 d 0
99 100 a 3
99 99 b 3
99 99 c 2
99 99 d 0
100 101 a 2
100 100 b 2
100 100 c 1
100 100 d 2
101 1 a 3
101 1 b 1
101 1 c 3
101 1 d 1